$ANSIBLE_VAULT;1.1;AES256
33303933393365346237623661386337363739633362363032313730333532356138303661323463
3766363262393938326231363263643435663461333633360a663865636466633931323034636266
38666534356139396266306563303565616631623337333966376235623830366561343731623135
3634626138386664360a353534383838666333663231333737643137323139363932393437393135
32636538313563366338373036303930373463633732333931316462323931383236666433626637
33326565373433633161613363393465303762326461323037396265376131663439393364636630
33663162303263623233343861653939343362333336633061373737643835613565623734646564
31386239323965336238316435613666613632666235346564346133363730666261363033373736
63613362386531386365386536363634323238643066643036306162346536323832656561666236
39336238383561323435373865303132376333663831653332613836306463623364353165316363
36396261633130663930626566613832323465633961653763633838396633646333623763643664
37303261646533386463653864323762333462616235633039353935313731353132356231616439
33623132343835616263303561336664623035303866643063666433393035303830376463636430
37373164393139633839393238643637306638666332663539646365636531363937346661313163
38353334313834643037653335633165626666343365623066353164633563386336306538316436
31303831623031366234353039386334366331623734633863333531353234613431303364313863
65646361366538343434653937396533386137613139393264346632363864336133386464663866
65643465656135616436393130616364333765346462346530396535363964626366303730633039
62323930623832313463633930303062356138386431386231656631323938636664626465393664
61353962646565643836666334666161366562633238303961383430356635373436623636353365
63663238613664313761383236613935376665653562373063326334306338336262316638303964
62353537336433313264356163643264383735663739356166356263383133303533663831623262
62663733313331666130663162386130656132396439313638376636346664643436336132386130
65306336373836383561333834353362633063666166393131386561346662656435386438376661
38313437636239623335653230636130303963633731646335383631613638643666386433656631
38623663323564666634353536313461376236333966643762636533353933666136376262646663
35376637373038396535376138353135616165346361393961316533373365356432653066333365
32623966643035633738666236653239346364393365396362663730306534346538373730393038
33333232383432396166613035666130393162626431363137363461376637656663373963366362
33363033393639616239666339643238346336396464353866343731353431356334653338333432
64346566316434623431393461343866356262653261323739663366393735656530353338373037
35366136663036393533303738656339316638303739376539626134653065636662376661373033
64393838376236306334316166616435393237373234363862383831363535636637616261623461
32613636376535623631346132616436363134353565313864636330616463343261383937616631
62396535616131646432383163623062326336386436343464613535653432666364316530313430
39656261363233666130316430336635653162653963373430386665363565363765666566643833
65306538303361646431396136333934633936363537376463386632396630363830
